142929.9396282002  -75026.47367847283 -160287 		227778 	218009 -107654  154977.46300663747 
-86551.44381598805 607  -84212.00803846025 103448.50627206184 	 -198744 -116138.52456669424 198041 		-109758.03902296814 
92047  -10425 
  227204.1059692293 -73057.79529921402 
	19668 221337.43387025513 44803.31663110363 
		204029 -216185 
 	92688  132586  -170969 56441.466338492755 71060 -46253.37584839735   207651.12268583552 	4630.006182468263  
  158961 -171956  26603.808409773366 -207133 
156945.98583428154 174059.67272095475 -81948.12593905421 
-43840 
72681.93127877708  
-207886 
	-170486 22221 119322 -224936 184710.91167765064 
-13260.00348224747 -136500.54732152156 34182.56397514697 
173003.02183213644 2869  	-107276.26777645116  510  195828 212868  -52847.652140164864 	-102594 -184187 151460 10173 -41430.02825887993 -3045 -30213 
-52073  152785.60107111634 117877  	93787.40776607377 -63431 
191287.8158702323  7847 -92582.68839583878 
-123603  92126 182708 106144.10555514507 -77252.87014536312   -102549 	-79347.5307792408 2199 
 -137192.51865267724 25205.649636358197 5688.246496778214 -155020.59069737862 120396.77838659758 202515 	 222439  	-102569.0096648892 198950 -101845.26315021589 -35221 
152059 146461.32266493223 -168494 227112 82133 109247.57957568695 -187634 -79246 	-213839 	 2003 -159074.70263152238  -67913.41618841855 87845 147732   216279    177614.24488524394 145086.58356003312 -38485.1258519837 -201775.3060355805 	6058.280956588278 57394 -103375.2028085463 -218729 86699 
65544 -173624 -25725 -141358  -131329.645730039 175552  -100196 -37538.04647763164 -220816 49665.51655406819 -129283 
 123787.2209559193   142368.3543389761 48840 
38346 -2488.1503164604073 86216 -27390.168270521506 -209553   60095 133984.56030561705 

	

		114883 
   
-98525 -226061 
-213991 109454 -5836 	 57556  119047 27114 
-62594.53517806297 -66431 213619.13742606377    -85627 -156436.55939678074 	105204.39075405966 
-138988 121130 
-58286 

10521.605667846685 		
17294.634344804916 -100201.15824176415 -28555.75306600303 172685.7551560651 148323 -200041 -113948 -123543   
-164884.29957072157 132589  -10973 35723  	 
47782.039833376126 -2793 -185735 
11867.399521487183 
	19998 151298.8568085704 

	36682.29897302616 138208 	-64894.97671746308  -93520 	 -217251 	-59750 
199690.79283970944 	90520 176023.13468924048 	162774 -52749.26098846429 		 70628 136565   -158973 
	-170828.2235801749 132022 